   1.7374931967547457E-005
   1.3381520358515853E-005
   9.3177480541772169E-006
   4.6835478541839657E-006
  -2.5600779065994829E-008
  -4.6834620108010757E-006
  -9.3179941269430776E-006
  -1.3381896886361450E-005
  -1.7375380289771162E-005
  -2.0408637270722532E-005
  -2.3379371739531421E-005
  -2.5139565370347626E-005
  -2.6847952778310362E-005
  -2.7273646662310303E-005
  -2.7660430679353755E-005
  -2.6878226183446991E-005
  -2.6064903381163420E-005
  -2.4355016195680915E-005
  -2.2605406474626372E-005
  -2.0340227496699706E-005
  -1.8003714488353258E-005
  -1.5577498149062348E-005
  -1.3026693772742672E-005
  -1.0790539110218911E-005
  -8.3650649327246553E-006
  -6.5784314929768999E-006
  -4.5398215533950984E-006
  -3.3387162762486479E-006
  -1.8392960815133896E-006
  -1.2271585964170886E-006
  -3.0275959676869358E-007
  -1.6878957413576049E-007
   2.5111634090763000E-007
   1.0609423157071505E-007
   1.8621251725986719E-007
   2.3342839651190752E-008
   2.1934772047420462E-009
  -1.8981618826918408E-008
  -1.8191398887901364E-007
  -1.0188871653250908E-007
  -2.4703008299359383E-007
   1.7272915476294662E-007
   3.0652997054392499E-007
   1.2307335931003352E-006
   1.8426574054939389E-006
   3.3418408268751324E-006
   4.5426974602720147E-006
   6.5810396014963953E-006
   8.3674007960825506E-006
   1.0792589962092789E-005
   1.3028467379587650E-005
   1.5578991875824210E-005
   1.8004949820597708E-005
   2.0341210380226346E-005
   2.2606162981360748E-005
   2.4355554438546574E-005
   2.6065244694685052E-005
   2.6878380713594028E-005
   2.7660418094747028E-005
   2.7273486655248104E-005
   2.6847669908823901E-005
   2.5139190713480992E-005
   2.3378933876844503E-005
   2.0408175741634246E-005
   1.7374931967547457E-005
   1.3381520358515853E-005
   9.3177480541772169E-006
   4.6835478541839657E-006
  -2.5600779065994829E-008
  -4.6834620108010757E-006
  -9.3179941269430776E-006
  -1.3381896886361450E-005
  -1.7375380289771162E-005
