  -8.0800571469507504E-002
  -8.0803858806236681E-002
  -8.0805826380264026E-002
  -8.0807517877341056E-002
  -8.0807655494252603E-002
  -8.0807507823938626E-002
  -8.0805816303021791E-002
  -8.0803848656201702E-002
  -8.0800561244403130E-002
  -8.0797025360317742E-002
  -8.0792546791288194E-002
  -8.0787844302504935E-002
  -8.0782674507052954E-002
  -8.0777301136103402E-002
  -8.0771964171054089E-002
  -8.0766438910376229E-002
  -8.0761409116314159E-002
  -8.0756203246753880E-002
  -8.0751844923819358E-002
  -8.0747326124389868E-002
  -8.0743857335159860E-002
  -8.0740256082243125E-002
  -8.0737740065941560E-002
  -8.0735140511560999E-002
  -8.0733502631141943E-002
  -8.0731855558243568E-002
  -8.0730919287135633E-002
  -8.0730072774488473E-002
  -8.0729608176319897E-002
  -8.0729350484606291E-002
  -8.0729126272265986E-002
  -8.0729231591190664E-002
  -8.0729059988755222E-002
  -8.0729330204347138E-002
  -8.0729101651862534E-002
  -8.0729403329831667E-002
  -8.0729110818574229E-002
  -8.0729404191208151E-002
  -8.0729103364509947E-002
  -8.0729332753751770E-002
  -8.0729063352904529E-002
  -8.0729235745265027E-002
  -8.0729131183484987E-002
  -8.0729356119302972E-002
  -8.0729614491436813E-002
  -8.0730079729173995E-002
  -8.0730926829260710E-002
  -8.0731863642295079E-002
  -8.0733511197468841E-002
  -8.0735149512903906E-002
  -8.0737749437636105E-002
  -8.0740265780079812E-002
  -8.0743867293439534E-002
  -8.0747336307340392E-002
  -8.0751855268076489E-002
  -8.0756213726783904E-002
  -8.0761419671938769E-002
  -8.0766449524439760E-002
  -8.0771974787362547E-002
  -8.0777311745224969E-002
  -8.0782685060526785E-002
  -8.0787854800543915E-002
  -8.0792557197634618E-002
  -8.0797035686408447E-002
  -8.0800571469507504E-002
  -8.0803858806236681E-002
  -8.0805826380264026E-002
  -8.0807517877341056E-002
  -8.0807665605205456E-002
  -8.0807507823938626E-002
  -8.0805816303021791E-002
  -8.0803848656201702E-002
  -8.0800561244403130E-002
