  -6.9687774506806522E-006
  -3.4756819478466541E-005
  -7.6854658053075271E-006
  -4.0567150536400571E-005
  -8.4488845285410977E-006
  -4.0569261935498015E-005
  -7.6867361195895467E-006
  -3.4756879364560705E-005
  -6.9694507906965571E-006
  -2.4976093694535253E-005
  -6.3326020732691866E-006
  -1.2645626336349567E-005
  -5.8049085876713329E-006
   4.1978224827687852E-007
  -5.4085762952406711E-006
   1.2327001115384121E-005
  -5.0916081640204678E-006
   2.1459330611571363E-005
  -4.6869980403455292E-006
   2.6710875659487798E-005
  -3.9603958277320097E-006
   2.7624586058082084E-005
  -2.6913527016524750E-006
   2.4419590222397840E-005
  -7.6296009314831030E-007
   1.7912411801315460E-005
   1.8036513905726182E-006
   9.3816593278875921E-006
   4.8422621926286232E-006
   3.4387190191901416E-007
   8.0229319364985023E-006
  -7.7073714366919550E-006
   1.0935451162543466E-005
  -1.3461680867524498E-005
   1.3228712598445635E-005
  -1.5936735706375359E-005
   1.4672264133872056E-005
  -1.5936997544409863E-005
   1.3228336697947337E-005
  -1.3462251000461278E-005
   1.0934808483469948E-005
  -7.7082203488752458E-006
   8.0220602705793857E-006
   3.4275688879260443E-007
   4.8412046062507094E-006
   9.3803094129297055E-006
   1.8024732487240406E-006
   1.7910867091440240E-005
  -7.6418326554425434E-007
   2.4417915691646511E-005
  -2.6924966011075824E-006
   2.7622884797587296E-005
  -3.9613208211530653E-006
   2.6709234962490770E-005
  -4.6876575220048661E-006
   2.1457772442562900E-005
  -5.0920504975968484E-006
   1.2325546076169971E-005
  -5.4088185492915276E-006
   4.1852748114793510E-007
  -5.8049010327405224E-006
  -1.2646564974014001E-005
  -6.3323038241738965E-006
  -2.4976630054390164E-005
  -6.9687774506806522E-006
  -3.4756819478466541E-005
  -7.6854658053075271E-006
  -4.0567150536400571E-005
  -8.4488845285410977E-006
  -4.0569261935498015E-005
  -7.6867361195895467E-006
  -3.4756879364560705E-005
  -6.9694507906965571E-006
